{
    "camera_angle_x": 0.1497196954215337,
    "frames": [
        {
            "file_path": "train/frame000",
            "transform_matrix": [
                [
                    -0.9943207294183262,
                    0.001091336880085507,
                    0.10641943446956503,
                    -0.0
                ],
                [
                    0.0006206229753835986,
                    -0.9998709582571318,
                    0.01605246588806292,
                    -0.0
                ],
                [
                    -0.10642322056830598,
                    -0.016027345936840662,
                    -0.9941917432296904,
                    -0.0
                ],
                [
                    0.0,
                    0.0,
                    0.0,
                    1.0
                ]
            ]
        },
        {
            "file_path": "train/frame010",
            "transform_matrix": [
                [
                    -0.9751661658172296,
                    0.009923280872804925,
                    0.22125206788195853,
                    1.1524288330760348
                ],
                [
                    -0.005362883201959745,
                    -0.9997608077747084,
                    0.021202988502204107,
                    0.0576225377980592
                ],
                [
                    -0.22140954931774168,
                    -0.019489888003318172,
                    -0.9749861310482998,
                    0.7084745932701099
                ],
                [
                    0.0,
                    0.0,
                    0.0,
                    1.0
                ]
            ]
        },
        {
            "file_path": "train/frame020",
            "transform_matrix": [
                [
                    -0.9279204266132977,
                    0.018959372762744505,
                    0.3722958824083865,
                    2.5707588382131243
                ],
                [
                    -0.00915929893443703,
                    -0.999563871046286,
                    0.028074453547545963,
                    0.1285403871137411
                ],
                [
                    -0.37266578742463796,
                    -0.02264088963373562,
                    -0.9276893882112521,
                    1.5804163086037752
                ],
                [
                    0.0,
                    0.0,
                    0.0,
                    1.0
                ]
            ]
        },
        {
            "file_path": "train/frame030",
            "transform_matrix": [
                [
                    -0.8708549700623551,
                    0.02236712907433529,
                    0.491030887678837,
                    3.6773188101429395
                ],
                [
                    -0.006659796317844833,
                    -0.9994093606491166,
                    0.033713157074483205,
                    0.1838694382258614
                ],
                [
                    -0.49149493204986305,
                    -0.026089104697094946,
                    -0.8704895693719739,
                    2.260692264516304
                ],
                [
                    0.0,
                    0.0,
                    0.0,
                    1.0
                ]
            ]
        },
        {
            "file_path": "train/frame040",
            "transform_matrix": [
                [
                    -0.6955820110164829,
                    0.06963532297155181,
                    0.7150640445057442,
                    6.059948509934153
                ],
                [
                    -0.05300595078821186,
                    -0.9975532740303008,
                    0.04558327162968119,
                    0.30300318947758775
                ],
                [
                    -0.7164886845800866,
                    0.006195745804606981,
                    -0.6975711989486246,
                    3.72545308880704
                ],
                [
                    0.0,
                    0.0,
                    0.0,
                    1.0
                ]
            ]
        },
        {
            "file_path": "train/frame050",
            "transform_matrix": [
                [
                    -0.5842791100562879,
                    0.060496752872728175,
                    0.809294794524028,
                    7.38421987034242
                ],
                [
                    -0.032714162658949414,
                    -0.9981628696049551,
                    0.050996757774637136,
                    0.3692180170920042
                ],
                [
                    -0.8108931527108588,
                    -0.0033209387012209735,
                    -0.5851848137578304,
                    4.539570704157088
                ],
                [
                    0.0,
                    0.0,
                    0.0,
                    1.0
                ]
            ]
        },
        {
            "file_path": "train/frame060",
            "transform_matrix": [
                [
                    -0.4960387064976058,
                    0.06079522186740376,
                    0.8661694653208895,
                    8.430785946180372
                ],
                [
                    -0.027037957649048695,
                    -0.9981435808037783,
                    0.054574178384835026,
                    0.4215473163357345
                ],
                [
                    -0.8678793409814237,
                    -0.00365145153393781,
                    -0.4967616293549099,
                    5.182964424991445
                ],
                [
                    0.0,
                    0.0,
                    0.0,
                    1.0
                ]
            ]
        },
        {
            "file_path": "train/frame070",
            "transform_matrix": [
                [
                    -0.3830934920225794,
                    0.05450534103112011,
                    0.9221000727518827,
                    9.860810568316268
                ],
                [
                    -0.002654777604324488,
                    -0.998318413663741,
                    0.057907660078639796,
                    0.49304990762480916
                ],
                [
                    -0.92370575862978,
                    -0.01973607709229495,
                    -0.38259398679956996,
                    6.0620955986099805
                ],
                [
                    0.0,
                    0.0,
                    0.0,
                    1.0
                ]
            ]
        },
        {
            "file_path": "train/frame080",
            "transform_matrix": [
                [
                    -0.3740158142376412,
                    0.06423218489967342,
                    0.9251953291728015,
                    9.980411406343796
                ],
                [
                    -0.018971950927440175,
                    -0.9979198744722277,
                    0.06161159964925561,
                    0.4990300632857237
                ],
                [
                    -0.9272282544110492,
                    -0.005490952225936654,
                    -0.3744564242545337,
                    6.1356221823298185
                ],
                [
                    0.0,
                    0.0,
                    0.0,
                    1.0
                ]
            ]
        },
        {
            "file_path": "train/frame090",
            "transform_matrix": [
                [
                    -0.3745723421325576,
                    0.054345525248047616,
                    0.925603654052232,
                    9.980411323802505
                ],
                [
                    0.0065217033078994145,
                    -0.9981016809103419,
                    0.06124134183632612,
                    0.49903005915858073
                ],
                [
                    -0.927174755855278,
                    -0.028975825259409477,
                    -0.37350685891324953,
                    6.135622131586203
                ],
                [
                    0.0,
                    0.0,
                    0.0,
                    1.0
                ]
            ]
        },
        {
            "file_path": "train/frame100",
            "transform_matrix": [
                [
                    -0.3748895999021012,
                    0.04469800391486929,
                    0.9259912938744451,
                    9.980411277606056
                ],
                [
                    0.029831173456817062,
                    -0.9977381558179533,
                    0.06023847205216263,
                    0.49903005684871454
                ],
                [
                    -0.9265893853133824,
                    -0.050206183593420176,
                    -0.3727082641336948,
                    6.135622103186173
                ],
                [
                    0.0,
                    0.0,
                    0.0,
                    1.0
                ]
            ]
        },
        {
            "file_path": "train/frame110",
            "transform_matrix": [
                [
                    -0.37475573657257194,
                    0.04405466400716171,
                    0.9260763059733065,
                    9.980411240064196
                ],
                [
                    0.029944600290604563,
                    -0.9977741091827487,
                    0.05958311806215062,
                    0.4990300549715857
                ],
                [
                    -0.9266398754744934,
                    -0.050060100117642045,
                    -0.37260237191519147,
                    6.135622080106694
                ],
                [
                    0.0,
                    0.0,
                    0.0,
                    1.0
                ]
            ]
        }
    ]
}