{
    "camera_angle_x": 0.1497196954215337,
    "frames": [
        {
            "file_path": "train/frame000",
            "transform_matrix": [
                [
                    -0.966209645539092,
                    0.007013917751637426,
                    0.2576620379974422,
                    -0.0
                ],
                [
                    -0.003744593609344289,
                    -0.9999061687359786,
                    0.013176939797900127,
                    -0.0
                ],
                [
                    -0.2577302832146873,
                    -0.01176684671056319,
                    -0.9661452491383308,
                    -0.0
                ],
                [
                    0.0,
                    0.0,
                    0.0,
                    1.0
                ]
            ]
        },
        {
            "file_path": "train/frame010",
            "transform_matrix": [
                [
                    -0.9295949330787753,
                    0.013130044419945544,
                    0.3683488323964082,
                    0.9743046144313345
                ],
                [
                    -0.006765733266211471,
                    -0.9998047791946585,
                    0.01856416852139773,
                    0.046144678193119286
                ],
                [
                    -0.3685206713980065,
                    -0.014765007045397297,
                    -0.9295022911856171,
                    0.8814264263042092
                ],
                [
                    0.0,
                    0.0,
                    0.0,
                    1.0
                ]
            ]
        },
        {
            "file_path": "train/frame020",
            "transform_matrix": [
                [
                    -0.8596957500612767,
                    0.01853162370931764,
                    0.5104701717527433,
                    2.1732874575804417
                ],
                [
                    -0.006524765067764197,
                    -0.9996585564995781,
                    0.025302131491045855,
                    0.10293048895157372
                ],
                [
                    -0.510764764610275,
                    -0.018421436965555826,
                    -0.8595231270261053,
                    1.9661130294296603
                ],
                [
                    0.0,
                    0.0,
                    0.0,
                    1.0
                ]
            ]
        },
        {
            "file_path": "train/frame030",
            "transform_matrix": [
                [
                    -0.7851375605601977,
                    0.019485796881193597,
                    0.6190147936176378,
                    3.1086576765159992
                ],
                [
                    -0.0007727701265073272,
                    -0.9995349582535163,
                    0.030483931102681345,
                    0.14723116977037606
                ],
                [
                    -0.6193209295865219,
                    -0.023455723161870556,
                    -0.784787496859526,
                    2.812316585418116
                ],
                [
                    0.0,
                    0.0,
                    0.0,
                    1.0
                ]
            ]
        },
        {
            "file_path": "train/frame040",
            "transform_matrix": [
                [
                    -0.5767621848480866,
                    0.05467727851173533,
                    0.8150802275505225,
                    5.1246172720894645
                ],
                [
                    -0.040414086721495074,
                    -0.9984456214520123,
                    0.03838023707290302,
                    0.24271035093217735
                ],
                [
                    -0.8159118112417107,
                    0.010804453612047682,
                    -0.5780754103561369,
                    4.636099451249168
                ],
                [
                    0.0,
                    0.0,
                    0.0,
                    1.0
                ]
            ]
        },
        {
            "file_path": "train/frame050",
            "transform_matrix": [
                [
                    -0.4525999617269791,
                    0.045359900003175885,
                    0.8905592367251257,
                    6.243473208831738
                ],
                [
                    -0.017017024443962206,
                    -0.9989628612385434,
                    0.042232958044352065,
                    0.2957012188606509
                ],
                [
                    -0.8915512859750753,
                    -0.0039599668943430645,
                    -0.45290244329036805,
                    5.648297459207482
                ],
                [
                    0.0,
                    0.0,
                    0.0,
                    1.0
                ]
            ]
        },
        {
            "file_path": "train/frame060",
            "transform_matrix": [
                [
                    -0.356696864966746,
                    0.044579129700175704,
                    0.9331559610901436,
                    7.128582508975356
                ],
                [
                    -0.009319327298198121,
                    -0.998980938724242,
                    0.044161456093987375,
                    0.3376214594259724
                ],
                [
                    -0.9341736972649164,
                    -0.007055867119428217,
                    -0.3567488165048189,
                    6.449031352651634
                ],
                [
                    0.0,
                    0.0,
                    0.0,
                    1.0
                ]
            ]
        },
        {
            "file_path": "train/frame070",
            "transform_matrix": [
                [
                    -0.23676912835809816,
                    0.0403531632979083,
                    0.970727563257786,
                    8.33804204664977
                ],
                [
                    0.01726010320180964,
                    -0.9988047033592361,
                    0.045730223976393675,
                    0.39490346376725205
                ],
                [
                    -0.9714126150580964,
                    -0.027582363193181907,
                    -0.23578961925129374,
                    7.543195931430841
                ],
                [
                    0.0,
                    0.0,
                    0.0,
                    1.0
                ]
            ]
        },
        {
            "file_path": "train/frame080",
            "transform_matrix": [
                [
                    -0.11346101974216632,
                    0.04210888985846696,
                    0.9926497057844502,
                    9.76157169336412
                ],
                [
                    0.037758777988368616,
                    -0.9981969303092398,
                    0.04666007936165904,
                    0.46232418257842023
                ],
                [
                    -0.9928246933290353,
                    -0.04277534004655872,
                    -0.11166646139288394,
                    8.831023814678492
                ],
                [
                    0.0,
                    0.0,
                    0.0,
                    1.0
                ]
            ]
        },
        {
            "file_path": "train/frame090",
            "transform_matrix": [
                [
                    -0.021187457487058883,
                    0.04623196562510801,
                    0.9987060112964541,
                    11.032236371605832
                ],
                [
                    0.05730580792383248,
                    -0.9972317841395951,
                    0.0473794584177273,
                    0.5225049636199322
                ],
                [
                    -0.998131822969006,
                    -0.058235505116716935,
                    -0.018479445889147884,
                    9.980558990622704
                ],
                [
                    0.0,
                    0.0,
                    0.0,
                    1.0
                ]
            ]
        },
        {
            "file_path": "train/frame100",
            "transform_matrix": [
                [
                    0.06202674713152959,
                    0.05252208857523187,
                    0.9966915836165049,
                    12.42615722574019
                ],
                [
                    0.08073122991688848,
                    -0.9956062680683021,
                    0.047440778863906324,
                    0.5885233610368947
                ],
                [
                    -0.9948040767690829,
                    -0.07752154019885744,
                    0.06599439104052067,
                    11.24160061847917
                ],
                [
                    0.0,
                    0.0,
                    0.0,
                    1.0
                ]
            ]
        },
        {
            "file_path": "train/frame110",
            "transform_matrix": [
                [
                    0.11994504410239294,
                    0.061735074727661134,
                    0.9908592064181697,
                    13.622702434015052
                ],
                [
                    0.12170374906063469,
                    -0.9914511989968573,
                    0.04703953095302353,
                    0.6451937213754725
                ],
                [
                    -0.9852925371989079,
                    -0.1149491215976203,
                    0.12643304783194317,
                    12.324081960781657
                ],
                [
                    0.0,
                    0.0,
                    0.0,
                    1.0
                ]
            ]
        }
    ]
}