{
    "camera_angle_x": 0.08040715440186917,
    "frames": [
        {
            "file_path": "train/frame000",
            "transform_matrix": [
                [
                    0.9845655043391084,
                    0.021794458738223776,
                    -0.1736541656102295,
                    -1.0712334561229186
                ],
                [
                    0.024761355380457192,
                    -0.9995817966615307,
                    0.014936768814877347,
                    0.09148519730609174
                ],
                [
                    -0.17325600406681396,
                    -0.019006139829388032,
                    -0.9846934160963939,
                    0.8613451662834228
                ],
                [
                    0.0,
                    0.0,
                    0.0,
                    1.0
                ]
            ]
        },
        {
            "file_path": "train/frame010",
            "transform_matrix": [
                [
                    0.9963141626863348,
                    0.021233954997289257,
                    -0.08310961668664374,
                    -0.46900496875025754
                ],
                [
                    0.023852676216042597,
                    -0.999245709529901,
                    0.030644115640973156,
                    0.17293472548419084
                ],
                [
                    -0.08239623212235128,
                    -0.03251355319336529,
                    -0.9960691390615322,
                    1.3144573430442088
                ],
                [
                    0.0,
                    0.0,
                    0.0,
                    1.0
                ]
            ]
        },
        {
            "file_path": "train/frame020",
            "transform_matrix": [
                [
                    0.9995235178241583,
                    0.026469522703704687,
                    0.01587771029643507,
                    0.08651537461536937
                ],
                [
                    0.026267034697297985,
                    -0.9995726412112051,
                    0.012828789119252153,
                    0.06693263265622844
                ],
                [
                    0.016210496742247036,
                    -0.01240561606262909,
                    -0.9997916385354881,
                    1.69859840052131
                ],
                [
                    0.0,
                    0.0,
                    0.0,
                    1.0
                ]
            ]
        },
        {
            "file_path": "train/frame030",
            "transform_matrix": [
                [
                    0.9746331688587946,
                    0.029344723766318272,
                    0.22187625683552317,
                    1.0511729803411327
                ],
                [
                    0.028865944567966022,
                    -0.9995687000487093,
                    0.005401030191781767,
                    0.025226175780802242
                ],
                [
                    0.2219390533557888,
                    0.0011406445598437088,
                    -0.9750598727901403,
                    2.374695960344488
                ],
                [
                    0.0,
                    0.0,
                    0.0,
                    1.0
                ]
            ]
        },
        {
            "file_path": "train/frame040",
            "transform_matrix": [
                [
                    0.9261268555220394,
                    0.0432960655167858,
                    0.374719225809973,
                    1.663588130685232
                ],
                [
                    0.0403601358982585,
                    -0.9990621061638814,
                    0.01568334969525516,
                    0.06932897117793504
                ],
                [
                    0.37504680629373915,
                    0.0005989475400615387,
                    -0.9270056819408987,
                    2.8764457903481677
                ],
                [
                    0.0,
                    0.0,
                    0.0,
                    1.0
                ]
            ]
        },
        {
            "file_path": "train/frame050",
            "transform_matrix": [
                [
                    0.8921194451199669,
                    0.04676416975212722,
                    0.44937290535393487,
                    1.9146461723348336
                ],
                [
                    0.03430265628483114,
                    -0.9987687329134142,
                    0.0358377723406158,
                    0.15230348587653064
                ],
                [
                    0.4504955309552438,
                    -0.016556889258773886,
                    -0.8926251430513402,
                    3.1936783445555794
                ],
                [
                    0.0,
                    0.0,
                    0.0,
                    1.0
                ]
            ]
        },
        {
            "file_path": "train/frame060",
            "transform_matrix": [
                [
                    0.7936856416879359,
                    0.12173850431752656,
                    0.5960225153003373,
                    2.4200133134213813
                ],
                [
                    0.027472554978825607,
                    -0.9859447880794234,
                    0.16479724992230974,
                    0.66313426860348
                ],
                [
                    0.6077074632595396,
                    -0.11442294973278908,
                    -0.7858746895485964,
                    3.810987471825899
                ],
                [
                    0.0,
                    0.0,
                    0.0,
                    1.0
                ]
            ]
        },
        {
            "file_path": "train/frame070",
            "transform_matrix": [
                [
                    0.6843819493084001,
                    0.11767237934503766,
                    0.7195655346110682,
                    2.9796138665047502
                ],
                [
                    0.004042861650372216,
                    -0.9874881704951861,
                    0.15764126490784827,
                    0.6481970870535098
                ],
                [
                    0.729112476049142,
                    -0.1049777322642664,
                    -0.6762948121922432,
                    4.193197901747763
                ],
                [
                    0.0,
                    0.0,
                    0.0,
                    1.0
                ]
            ]
        },
        {
            "file_path": "train/frame080",
            "transform_matrix": [
                [
                    0.6044164734936905,
                    0.10857772529107892,
                    0.789234821925684,
                    3.4395341087384503
                ],
                [
                    -0.017992176549639048,
                    -0.9885559498784438,
                    0.14977788736303738,
                    0.6489610369117089
                ],
                [
                    0.7964653213746709,
                    -0.10472827474251206,
                    -0.5955459514739391,
                    4.389790165300366
                ],
                [
                    0.0,
                    0.0,
                    0.0,
                    1.0
                ]
            ]
        },
        {
            "file_path": "train/frame090",
            "transform_matrix": [
                [
                    0.4550189379042544,
                    0.08167747126088462,
                    0.8867280061196395,
                    4.160933982301322
                ],
                [
                    -0.029140944412001824,
                    -0.993885439825562,
                    0.10650135145398605,
                    0.49882084485296074
                ],
                [
                    0.8900048154404901,
                    -0.0743002233588581,
                    -0.44985653857820374,
                    4.859933853021681
                ],
                [
                    0.0,
                    0.0,
                    0.0,
                    1.0
                ]
            ]
        },
        {
            "file_path": "train/frame100",
            "transform_matrix": [
                [
                    0.44659634419406313,
                    -0.006637992977556162,
                    0.8947109267253462,
                    4.954207706664407
                ],
                [
                    -0.01675947683592954,
                    -0.9998591012433822,
                    0.0009474159391732158,
                    0.008295774359483211
                ],
                [
                    0.8945785741278872,
                    -0.015417999546172435,
                    -0.4466446686140006,
                    4.490852786919555
                ],
                [
                    0.0,
                    0.0,
                    0.0,
                    1.0
                ]
            ]
        },
        {
            "file_path": "train/frame110",
            "transform_matrix": [
                [
                    0.3201884076748666,
                    0.023215346805666205,
                    0.9470693909441514,
                    5.5131028193781715
                ],
                [
                    -0.019518904897271996,
                    -0.9993258195590121,
                    0.031095316597841958,
                    0.18172508245911032
                ],
                [
                    0.9471527838433695,
                    -0.02844211728056507,
                    -0.3195194047665242,
                    5.09698161491257
                ],
                [
                    0.0,
                    0.0,
                    0.0,
                    1.0
                ]
            ]
        },
        {
            "file_path": "train/frame120",
            "transform_matrix": [
                [
                    0.22082362209382558,
                    0.0258579378329499,
                    0.9749709200670503,
                    6.110100612412932
                ],
                [
                    -0.0012378304735605698,
                    -0.9996402482466825,
                    0.026792571004467122,
                    0.16860555300209285
                ],
                [
                    0.9753129732045412,
                    -0.0071232812901068174,
                    -0.22071217266517038,
                    5.56903438614695
                ],
                [
                    0.0,
                    0.0,
                    0.0,
                    1.0
                ]
            ]
        },
        {
            "file_path": "train/frame130",
            "transform_matrix": [
                [
                    0.03875313436593898,
                    0.03143757376928602,
                    0.9987541607083879,
                    7.363044606094345
                ],
                [
                    -0.010563643897634468,
                    -0.9994362315062711,
                    0.03186892812988035,
                    0.2357776805798247
                ],
                [
                    0.9991929763586309,
                    -0.0117855041489199,
                    -0.03839919123544586,
                    6.6660017399064975
                ],
                [
                    0.0,
                    0.0,
                    0.0,
                    1.0
                ]
            ]
        }
    ]
}