{
    "camera_angle_x": 0.08040715440186917,
    "frames": [
        {
            "file_path": "train/frame000",
            "transform_matrix": [
                [
                    -0.3530734184949035,
                    -0.9248474871866923,
                    -0.14140822676486564,
                    -2.5614979051255737
                ],
                [
                    -0.07771011319287208,
                    -0.1216309979372483,
                    0.9895286952121904,
                    22.954434150213547
                ],
                [
                    -0.9323627510040681,
                    0.3603651284256706,
                    -0.028925330678770345,
                    9.705253359240098
                ],
                [
                    0.0,
                    0.0,
                    0.0,
                    1.0
                ]
            ]
        },
        {
            "file_path": "train/frame010",
            "transform_matrix": [
                [
                    -0.3381188267492412,
                    -0.9272788497506821,
                    -0.1607158791245244,
                    -2.704611873947952
                ],
                [
                    -0.16824332955857207,
                    -0.10846440881362995,
                    0.9797599982035171,
                    20.55265290028267
                ],
                [
                    -0.9259426769820918,
                    0.358314675705255,
                    -0.11933462245918314,
                    7.632864295023973
                ],
                [
                    0.0,
                    0.0,
                    0.0,
                    1.0
                ]
            ]
        },
        {
            "file_path": "train/frame020",
            "transform_matrix": [
                [
                    -0.3154512608707646,
                    -0.9249352372265531,
                    -0.21209740439643382,
                    -3.5643767024406485
                ],
                [
                    -0.2638306709725653,
                    -0.1292122365541336,
                    0.9558752925872936,
                    18.365936697392044
                ],
                [
                    -0.9115283204976192,
                    0.35748986679532335,
                    -0.20326612130271726,
                    5.983180929198484
                ],
                [
                    0.0,
                    0.0,
                    0.0,
                    1.0
                ]
            ]
        },
        {
            "file_path": "train/frame030",
            "transform_matrix": [
                [
                    -0.2593944314329568,
                    -0.9229006385957349,
                    -0.284550417713905,
                    -4.499348464651502
                ],
                [
                    -0.4555292344269607,
                    -0.1428830454510982,
                    0.878679436373133,
                    14.60536700144377
                ],
                [
                    -0.8515912432170497,
                    0.35754558674692666,
                    -0.38334515501547106,
                    2.895939143574103
                ],
                [
                    0.0,
                    0.0,
                    0.0,
                    1.0
                ]
            ]
        },
        {
            "file_path": "train/frame040",
            "transform_matrix": [
                [
                    -0.1985270581667526,
                    -0.9274593024729474,
                    -0.3168694517179732,
                    -4.743331952096111
                ],
                [
                    -0.5898156360614462,
                    -0.14515157373455312,
                    0.7943856343740201,
                    11.94380278137297
                ],
                [
                    -0.7827544459363273,
                    0.34460160025568193,
                    -0.5182134834873915,
                    0.8723642810346199
                ],
                [
                    0.0,
                    0.0,
                    0.0,
                    1.0
                ]
            ]
        },
        {
            "file_path": "train/frame050",
            "transform_matrix": [
                [
                    -0.17655723465611034,
                    -0.932003497188955,
                    -0.316539135207868,
                    -4.4974149108503765
                ],
                [
                    -0.6531050444962803,
                    -0.12967109328359125,
                    0.7460825747999682,
                    10.471547538633038
                ],
                [
                    -0.7363975446347572,
                    0.3384595822165417,
                    -0.585801815857296,
                    0.05719986671933053
                ],
                [
                    0.0,
                    0.0,
                    0.0,
                    1.0
                ]
            ]
        },
        {
            "file_path": "train/frame060",
            "transform_matrix": [
                [
                    -0.11447762743043972,
                    -0.967300118295694,
                    -0.22633018791808057,
                    -2.7237185052457917
                ],
                [
                    -0.7797345998402669,
                    -0.0536790039711785,
                    0.6238048720109526,
                    7.7661194494370225
                ],
                [
                    -0.6155557055456768,
                    0.24788918023544,
                    -0.7480923256472862,
                    -2.219405986992706
                ],
                [
                    0.0,
                    0.0,
                    0.0,
                    1.0
                ]
            ]
        },
        {
            "file_path": "train/frame070",
            "transform_matrix": [
                [
                    -0.07004207966240036,
                    -0.9657770462659557,
                    -0.2497374701208689,
                    -3.2133896152762196
                ],
                [
                    -0.8769685907186281,
                    -0.05969945313984788,
                    0.4768249848610981,
                    5.4706787893566435
                ],
                [
                    -0.4754158158597054,
                    0.2524097307961977,
                    -0.8427746613596313,
                    -4.138783619707461
                ],
                [
                    0.0,
                    0.0,
                    0.0,
                    1.0
                ]
            ]
        },
        {
            "file_path": "train/frame080",
            "transform_matrix": [
                [
                    -0.04989096978339785,
                    -0.957840293430008,
                    -0.2829361472417199,
                    -4.074986893386967
                ],
                [
                    -0.9202804449759191,
                    -0.06598400833727548,
                    0.3856553036568672,
                    4.307664811324311
                ],
                [
                    -0.3880654503160468,
                    0.27962132058493394,
                    -0.8781896852874901,
                    -5.6446008687040115
                ],
                [
                    0.0,
                    0.0,
                    0.0,
                    1.0
                ]
            ]
        },
        {
            "file_path": "train/frame090",
            "transform_matrix": [
                [
                    0.004313429153825916,
                    -0.9542686166894289,
                    -0.29891938968654896,
                    -4.838827665753088
                ],
                [
                    -0.9695642050435355,
                    -0.07716755334347443,
                    0.23235838915192883,
                    1.905472690889217
                ],
                [
                    -0.2447991965412307,
                    0.2888192789836337,
                    -0.9255575495128014,
                    -7.964261992659443
                ],
                [
                    0.0,
                    0.0,
                    0.0,
                    1.0
                ]
            ]
        },
        {
            "file_path": "train/frame100",
            "transform_matrix": [
                [
                    0.050775714082229896,
                    -0.9534915745197436,
                    -0.2971121744043815,
                    -5.296144479242052
                ],
                [
                    -0.9933855673691785,
                    -0.07889697778942464,
                    0.08342890049803046,
                    -0.8813211839571846
                ],
                [
                    -0.10299000632126826,
                    0.290910783945104,
                    -0.9511908191222149,
                    -10.054257965341561
                ],
                [
                    0.0,
                    0.0,
                    0.0,
                    1.0
                ]
            ]
        },
        {
            "file_path": "train/frame110",
            "transform_matrix": [
                [
                    0.07048101658587466,
                    -0.9514561534065593,
                    -0.2996057650410208,
                    -5.926902155865717
                ],
                [
                    -0.9973218520209948,
                    -0.07309539726535139,
                    -0.0024872434608505523,
                    -2.713531593430582
                ],
                [
                    -0.0195332993228165,
                    0.2989786799144952,
                    -0.9540598509392116,
                    -11.937808494449019
                ],
                [
                    0.0,
                    0.0,
                    0.0,
                    1.0
                ]
            ]
        },
        {
            "file_path": "train/frame120",
            "transform_matrix": [
                [
                    0.10378419345091304,
                    -0.9519363795630221,
                    -0.28817697766162614,
                    -6.138105987070428
                ],
                [
                    -0.9928389550958897,
                    -0.08192294366478843,
                    -0.0869450432480071,
                    -4.828023246426044
                ],
                [
                    0.05915784338399592,
                    0.2951368505723096,
                    -0.9536218270364899,
                    -13.511145192983125
                ],
                [
                    0.0,
                    0.0,
                    0.0,
                    1.0
                ]
            ]
        },
        {
            "file_path": "train/frame130",
            "transform_matrix": [
                [
                    0.13949548905407813,
                    -0.954087898852032,
                    -0.265060917144868,
                    -6.7078126976264105
                ],
                [
                    -0.9704144302695363,
                    -0.07844410145023867,
                    -0.22834700889723988,
                    -9.366432571867406
                ],
                [
                    0.19707065245290856,
                    0.2890723165780142,
                    -0.9368032630867623,
                    -17.138496018763398
                ],
                [
                    0.0,
                    0.0,
                    0.0,
                    1.0
                ]
            ]
        }
    ]
}