{
    "camera_angle_x": 0.08040715440186917,
    "frames": [
        {
            "file_path": "train/frame000",
            "transform_matrix": [
                [
                    0.9771635318201232,
                    -0.02106650242714162,
                    -0.21144179945391647,
                    2.0478532956885602
                ],
                [
                    0.01860210170861152,
                    0.9997339506353139,
                    -0.013637806243316706,
                    0.12429017252820201
                ],
                [
                    0.21167284637582937,
                    0.00939310505610428,
                    0.9772954393040825,
                    0.9959251905348769
                ],
                [
                    0.0,
                    0.0,
                    0.0,
                    1.0
                ]
            ]
        },
        {
            "file_path": "train/frame010",
            "transform_matrix": [
                [
                    0.9912278876858016,
                    -0.020663230575189703,
                    -0.1305385214262077,
                    1.1567765256875024
                ],
                [
                    0.020150481018019115,
                    0.9997831861839714,
                    -0.005247736518607118,
                    0.039303453230903895
                ],
                [
                    0.13061865406092038,
                    0.0025712887863514927,
                    0.9914293498203948,
                    1.6560549493871064
                ],
                [
                    0.0,
                    0.0,
                    0.0,
                    1.0
                ]
            ]
        },
        {
            "file_path": "train/frame020",
            "transform_matrix": [
                [
                    0.9980456629554462,
                    -0.022786064293868244,
                    -0.05818633799973734,
                    0.47446768719580135
                ],
                [
                    0.022394431893670193,
                    0.9997220183248507,
                    -0.007373974277588337,
                    0.0531800758778589
                ],
                [
                    0.05833818711601983,
                    0.0060565130630148714,
                    0.9982785055151362,
                    2.2990944035145526
                ],
                [
                    0.0,
                    0.0,
                    0.0,
                    1.0
                ]
            ]
        },
        {
            "file_path": "train/frame030",
            "transform_matrix": [
                [
                    0.9904317431187202,
                    -0.028206577131959062,
                    0.13509015963167853,
                    -0.9817732374989909
                ],
                [
                    0.028955822360709985,
                    0.9995742661250755,
                    -0.0035842505397569056,
                    0.02042893164566678
                ],
                [
                    -0.13493154773524446,
                    0.007461602174840476,
                    0.9908268274117107,
                    3.2192127653344373
                ],
                [
                    0.0,
                    0.0,
                    0.0,
                    1.0
                ]
            ]
        },
        {
            "file_path": "train/frame040",
            "transform_matrix": [
                [
                    0.9623557012787689,
                    -0.02849579668657236,
                    0.27029519749238295,
                    -1.8450498466254537
                ],
                [
                    0.028743405637221324,
                    0.999582191083496,
                    0.0030430085592207047,
                    -0.0258179722621672
                ],
                [
                    -0.2702689787020015,
                    0.004840747867310281,
                    0.9627726867290441,
                    3.8464181970163507
                ],
                [
                    0.0,
                    0.0,
                    0.0,
                    1.0
                ]
            ]
        },
        {
            "file_path": "train/frame050",
            "transform_matrix": [
                [
                    0.9100901198612751,
                    -0.031525892330649986,
                    0.4132095011536475,
                    -2.7073180764903872
                ],
                [
                    0.028798772879520165,
                    0.9995029101744501,
                    0.012828220197627721,
                    -0.08841676634806664
                ],
                [
                    -0.4134085200035478,
                    0.00022509011811788163,
                    0.9105456303354132,
                    4.450879281220144
                ],
                [
                    0.0,
                    0.0,
                    0.0,
                    1.0
                ]
            ]
        },
        {
            "file_path": "train/frame060",
            "transform_matrix": [
                [
                    0.8274685104444723,
                    -0.03157020243172448,
                    0.560623926122696,
                    -3.549161108885623
                ],
                [
                    0.031399685609215355,
                    0.9994575124255707,
                    0.009936830467135086,
                    -0.06638641832397103
                ],
                [
                    -0.5606335023582238,
                    0.009381000720077111,
                    0.8280109134903002,
                    5.162753881309518
                ],
                [
                    0.0,
                    0.0,
                    0.0,
                    1.0
                ]
            ]
        },
        {
            "file_path": "train/frame070",
            "transform_matrix": [
                [
                    0.7584699823738539,
                    -0.0398932346420741,
                    0.6504858304894875,
                    -4.194906270957591
                ],
                [
                    0.05363682862245074,
                    0.9985596619853604,
                    -0.0013007962979466187,
                    0.005618816540975728
                ],
                [
                    -0.6494970180479135,
                    0.03587661195647273,
                    0.7595172758149699,
                    5.510499542272815
                ],
                [
                    0.0,
                    0.0,
                    0.0,
                    1.0
                ]
            ]
        },
        {
            "file_path": "train/frame080",
            "transform_matrix": [
                [
                    0.6295315409167442,
                    -0.013383032600055385,
                    0.776859661347798,
                    -5.114384664487116
                ],
                [
                    0.03991986572701832,
                    0.9990882092376909,
                    -0.015137849337366335,
                    0.09636132854914896
                ],
                [
                    -0.7759487375537939,
                    0.04054188698925876,
                    0.6294917887375687,
                    6.281427657362298
                ],
                [
                    0.0,
                    0.0,
                    0.0,
                    1.0
                ]
            ]
        },
        {
            "file_path": "train/frame090",
            "transform_matrix": [
                [
                    0.5248104397024712,
                    -0.0160410951076343,
                    0.8510679677011975,
                    -6.102577185711005
                ],
                [
                    0.04464728762319639,
                    0.9989649027590515,
                    -0.008703031856212795,
                    0.0585526413417112
                ],
                [
                    -0.8500474234342402,
                    0.042565318316048234,
                    0.5249834012513759,
                    6.679041289067468
                ],
                [
                    0.0,
                    0.0,
                    0.0,
                    1.0
                ]
            ]
        },
        {
            "file_path": "train/frame100",
            "transform_matrix": [
                [
                    0.4240064270876267,
                    -0.012583929636638548,
                    0.9055717500580972,
                    -7.085515056318803
                ],
                [
                    0.0530405343525216,
                    0.9985322249561991,
                    -0.010958897737511783,
                    0.08159615395510139
                ],
                [
                    -0.9041046684449671,
                    0.05267865259213067,
                    0.42405153938771817,
                    7.140145090326483
                ],
                [
                    0.0,
                    0.0,
                    0.0,
                    1.0
                ]
            ]
        },
        {
            "file_path": "train/frame110",
            "transform_matrix": [
                [
                    0.3647965509611781,
                    -0.0038295483946779486,
                    0.9310793795192339,
                    -7.902750962646924
                ],
                [
                    0.04089004687584362,
                    0.9990926494675313,
                    -0.011911416642877776,
                    0.09510762077511603
                ],
                [
                    -0.9301889488019733,
                    0.042417123182056246,
                    0.36462214302979234,
                    7.373129293604361
                ],
                [
                    0.0,
                    0.0,
                    0.0,
                    1.0
                ]
            ]
        },
        {
            "file_path": "train/frame120",
            "transform_matrix": [
                [
                    0.30025421304645145,
                    -0.005328483222806643,
                    0.9538443346869553,
                    -8.769284382399489
                ],
                [
                    0.04450307638877731,
                    0.9989736938941763,
                    -0.008428232279595771,
                    0.07191466210559026
                ],
                [
                    -0.9528204887279611,
                    0.04497961954005877,
                    0.3001831942102035,
                    7.713474654241507
                ],
                [
                    0.0,
                    0.0,
                    0.0,
                    1.0
                ]
            ]
        },
        {
            "file_path": "train/frame130",
            "transform_matrix": [
                [
                    0.20411584904091307,
                    -0.019249455383800795,
                    0.978757466708548,
                    -10.735828882287198
                ],
                [
                    0.04957728445256017,
                    0.9987269626473908,
                    0.00930306118585561,
                    -0.10858397781562537
                ],
                [
                    -0.9776905507555126,
                    0.04662523510444639,
                    0.20481033766594395,
                    8.226590627003205
                ],
                [
                    0.0,
                    0.0,
                    0.0,
                    1.0
                ]
            ]
        }
    ]
}