[{"id": 0, "img_name": "r_0", "width": 802, "height": 802, "position": [-0.14058247121342388, -1.9660582686789836, 1.7615233511460624], "rotation": [[-0.9993631307972414, -0.03064258901796195, 0.0182856375719258], [0.015467757748025009, 0.08979853007933374, 0.9958398327370919], [-0.03215713409780106, 0.9954884508289723, -0.08926736801737092]], "fy": 1114.4001487112491, "fx": 1114.4001487112491}, {"id": 1, "img_name": "r_16", "width": 802, "height": 802, "position": [-2.732822503985509, -1.0935197354551316, 0.9478186569812969], "rotation": [[-0.5860464556895266, -0.5566452201206155, 0.5888086706992474], [0.500920279386508, 0.32228482159202076, 0.8032505010709561], [-0.6368896493687791, 0.7656883130153356, 0.08996100176544784]], "fy": 1114.4001487112491, "fx": 1114.4001487112491}, {"id": 2, "img_name": "r_23", "width": 802, "height": 802, "position": [-1.375616908703922, -0.9468360547863541, 3.9326408052754713], "rotation": [[-0.9535136298064452, -0.08155661078013644, 0.2901039072666807], [0.1824055354308851, 0.6100952689146337, 0.7710460320189404], [-0.23987492244398892, 0.7881194592738071, -0.5668577771332526]], "fy": 1114.4001487112491, "fx": 1114.4001487112491}, {"id": 3, "img_name": "r_30", "width": 802, "height": 802, "position": [-0.6899929069241565, -1.8562119422282422, 2.199738618948478], "rotation": [[-0.9819711781907208, -0.12769904950867483, 0.13937560029398285], [0.11156377424583089, 0.2036988315308575, 0.9726563166447789], [-0.15259793405794306, 0.9706697372368958, -0.18577979366363603]], "fy": 1114.4001487112491, "fx": 1114.4001487112491}, {"id": 4, "img_name": "r_38", "width": 802, "height": 802, "position": [-2.425596286250887, -0.8629517735195494, -0.474662805432267], "rotation": [[-0.2811122503511244, -0.8059100089195261, 0.5210421866085854], [0.5972321216365292, 0.27807370111916785, 0.7523222777715796], [-0.7511921828587256, 0.5226701390640343, 0.40314542059004765]], "fy": 1114.4001487112491, "fx": 1114.4001487112491}, {"id": 5, "img_name": "r_45", "width": 802, "height": 802, "position": [-3.1434141651265834, -0.6149593161059501, 0.32784431821041543], "rotation": [[-0.3531453506081351, -0.6433172131580875, 0.6792873652574211], [0.5814587274993473, 0.41789115922829767, 0.6980492298209842], [-0.7329352696921447, 0.6414904070158346, 0.22648608819961066]], "fy": 1114.4001487112491, "fx": 1114.4001487112491}, {"id": 6, "img_name": "r_52", "width": 802, "height": 802, "position": [-1.890600154833144, -0.6193198661588291, -1.3279555169037944], "rotation": [[0.062250854776277585, -0.9129762400323432, 0.40323593120656753], [0.6232792104338489, 0.3511133433510367, 0.6987434765075196], [-0.7795177078941697, 0.20783119413904638, 0.5908962157791819]], "fy": 1114.4001487112491, "fx": 1114.4001487112491}, {"id": 7, "img_name": "r_61", "width": 802, "height": 802, "position": [-0.39013143410662227, 1.1025861651895867, -2.9345507945406317], "rotation": [[0.9891703821191344, -0.12740365270623136, 0.07287156108795437], [0.097842345186122, 0.9424762636289615, 0.31963317722738344], [-0.10940215092385172, -0.30904174762174474, 0.9447350779981298]], "fy": 1114.4001487112491, "fx": 1114.4001487112491}, {"id": 8, "img_name": "r_69", "width": 802, "height": 802, "position": [1.7333535811982652, -1.325049570077251, 2.898856500493452], "rotation": [[-0.8980140014405794, 0.19407774915586376, -0.3948476674608479], [-0.28048624079017365, 0.43888703179247784, 0.853642572773749], [0.3389665498896246, 0.8773323205074471, -0.33969056131859526]], "fy": 1114.4001487112491, "fx": 1114.4001487112491}, {"id": 9, "img_name": "r_76", "width": 802, "height": 802, "position": [2.0475339942479867, 3.3602060590609146, -2.585101951468173], "rotation": [[0.8633993755912699, 0.1980867072380225, -0.4640077312332232], [-0.30969321626640445, 0.9341262467789542, -0.1774775109055638], [0.39828586470922506, 0.29693401875545083, 0.8678701276565304]], "fy": 1114.4001487112491, "fx": 1114.4001487112491}, {"id": 10, "img_name": "r_84", "width": 802, "height": 802, "position": [0.9796550942367032, -1.8570867122760777, 1.0895142739752268], "rotation": [[-0.9300224344679346, 0.2878178687386538, -0.2285150888258266], [-0.23572508575519757, 0.009848110614755153, 0.9717698794792029], [0.28194317748801984, 0.9576345279656842, 0.058686927981453405]], "fy": 1114.4001487112491, "fx": 1114.4001487112491}, {"id": 11, "img_name": "r_91", "width": 802, "height": 802, "position": [4.113341595391925, 0.7766411701058555, 1.0540833957602422], "rotation": [[-0.20535445761392906, 0.33948358190914973, -0.9179218073192416], [-0.6121556231656925, 0.6872361056603739, 0.3911163869021423], [0.7636066001317117, 0.6422284894730981, 0.06668978590752206]], "fy": 1114.4001487112491, "fx": 1114.4001487112491}, {"id": 12, "img_name": "r_1", "width": 802, "height": 802, "position": [0.15125638514836354, -0.7550865506455237, -1.7496514376420798], "rotation": [[0.896679661655435, 0.4402523886508963, -0.04629706967697683], [-0.2712767426027575, 0.6291223781472811, 0.728432537876464], [0.349820687347578, -0.6406113233478544, 0.683551475093265]], "fy": 1114.4001487112491, "fx": 1114.4001487112491}, {"id": 13, "img_name": "r_10", "width": 802, "height": 802, "position": [1.0931638676169841, -1.2302793690338087, 3.5781349920626715], "rotation": [[-0.9635189702990371, 0.08543491256390985, -0.25363767383628083], [-0.17318678414828942, 0.5235017018656185, 0.8342375596556263], [0.20405276687723764, 0.8477304075347292, -0.48960762297042026]], "fy": 1114.4001487112491, "fx": 1114.4001487112491}, {"id": 14, "img_name": "r_11", "width": 802, "height": 802, "position": [-2.2741803154861815, -1.0721179451455878, 2.961427662562341], "rotation": [[-0.8443862465452244, -0.22117615467588106, 0.48794771774039364], [0.3292142111650774, 0.5043201283716815, 0.7982976959043077], [-0.42264627031623503, 0.8347109180560426, -0.3530266469628249]], "fy": 1114.4001487112491, "fx": 1114.4001487112491}, {"id": 15, "img_name": "r_12", "width": 802, "height": 802, "position": [3.455091549327052, -0.03281844257201328, 0.0916781818860206], "rotation": [[-0.17735631521271408, 0.6083936997582788, -0.7735643758269908], [-0.6161289604568675, 0.5442857697194257, 0.5693312787536553], [0.7674176447935691, 0.5775899124598401, 0.2783164592404227]], "fy": 1114.4001487112491, "fx": 1114.4001487112491}, {"id": 16, "img_name": "r_13", "width": 802, "height": 802, "position": [4.094412607100792, 0.9756669885793036, 0.40330323071831914], "rotation": [[-0.05740961013905957, 0.40155545609295523, -0.9140335619361356], [-0.6225042971651967, 0.7013713334291415, 0.3472270908997342], [0.7805078709882078, 0.5889239919767293, 0.20970454215311587]], "fy": 1114.4001487112491, "fx": 1114.4001487112491}, {"id": 17, "img_name": "r_14", "width": 802, "height": 802, "position": [1.3581387416802624, 2.899327531172282, -2.9445398749446205], "rotation": [[0.9311569609256615, 0.18842238960106145, -0.3121597623280611], [-0.22216848225110808, 0.9720430237719127, -0.0759837181940707], [0.28911568552038974, 0.14010482872971475, 0.9469861442242397]], "fy": 1114.4001487112491, "fx": 1114.4001487112491}, {"id": 18, "img_name": "r_15", "width": 802, "height": 802, "position": [-0.1178543699413285, -1.223808846875721, -1.1685765159538875], "rotation": [[-0.9915481099274662, -0.12909203539085287, 0.012945736669547271], [0.0824014279263881, -0.549546111708925, 0.8313898458492831], [-0.10021152815401403, 0.8254297774518733, 0.5555387764331021]], "fy": 1114.4001487112491, "fx": 1114.4001487112491}, {"id": 19, "img_name": "r_17", "width": 802, "height": 802, "position": [2.6848228500346663, -0.42404947692941986, 3.4095715966034903], "rotation": [[-0.784587338864433, 0.1383174784173813, -0.604393069829465], [-0.39164680216809294, 0.6451391460644634, 0.6560550773881121], [0.4806615129643042, 0.7514411203677054, -0.45199640770186833]], "fy": 1114.4001487112491, "fx": 1114.4001487112491}, {"id": 20, "img_name": "r_18", "width": 802, "height": 802, "position": [3.2345877519560946, 3.121566079093947, -1.7179232408451777], "rotation": [[0.6429920495613545, 0.24592593242299665, -0.7253148695309977], [-0.47428827785157357, 0.871453003428245, -0.12498116781531408], [0.6013417112536577, 0.424370237620136, 0.6769771397386709]], "fy": 1114.4001487112491, "fx": 1114.4001487112491}, {"id": 21, "img_name": "r_19", "width": 802, "height": 802, "position": [0.9260281351523807, -0.3178752790885045, -2.0228917419578014], "rotation": [[0.663265969288593, 0.7162788554361166, -0.2168475391577919], [-0.46364456425230754, 0.6207339528026848, 0.6322365679690175], [0.5874623154066575, -0.3188008172716642, 0.7438105046878324]], "fy": 1114.4001487112491, "fx": 1114.4001487112491}, {"id": 22, "img_name": "r_2", "width": 802, "height": 802, "position": [-4.543970814147552, 1.934924850356879, 1.0063439705692685], "rotation": [[-0.025171613346174466, -0.15462146779001143, 0.9876530724804193], [0.6238240038698109, 0.7695741197653025, 0.1363792006989995], [-0.781159396075723, 0.6195545786175114, 0.07708516093703725]], "fy": 1114.4001487112491, "fx": 1114.4001487112491}, {"id": 23, "img_name": "r_20", "width": 802, "height": 802, "position": [0.19063411528966254, -1.6559236307012901, 3.0336101703052676], "rotation": [[-0.9982771857571708, 0.02150660087594297, -0.05459053503590327], [-0.04273405844190141, 0.3710340242757884, 0.9276354634654702], [0.040205231572861856, 0.9283701949914572, -0.3694757372354726]], "fy": 1114.4001487112491, "fx": 1114.4001487112491}, {"id": 24, "img_name": "r_21", "width": 802, "height": 802, "position": [3.1390463022843975, -0.6197708588320988, 0.7508968294798745], "rotation": [[-0.42880311613561134, 0.5667870590068864, -0.7034773040651087], [-0.5662862332219798, 0.43808542654671845, 0.6981411469829301], [0.703880522287448, 0.6977346120049541, 0.1331113126471425]], "fy": 1114.4001487112491, "fx": 1114.4001487112491}, {"id": 25, "img_name": "r_22", "width": 802, "height": 802, "position": [0.09647931470070457, -0.5844189372111405, -1.9251962631995625], "rotation": [[0.9787381185323355, 0.20223903353110317, -0.03422088029536107], [-0.12305998791929808, 0.7124488851651433, 0.6908493507272383], [0.16409733302246662, -0.6719493726043277, 0.7221884144401403]], "fy": 1114.4001487112491, "fx": 1114.4001487112491}, {"id": 26, "img_name": "r_24", "width": 802, "height": 802, "position": [-4.038612178081706, 2.630026408023331, -0.8304874573878409], "rotation": [[0.4029234183591504, -0.26407837014821717, 0.8763077846040387], [0.5732416716443859, 0.8192161264276538, -0.016701020664026258], [-0.7134750905449517, 0.5090653716574438, 0.4814620883840613]], "fy": 1114.4001487112491, "fx": 1114.4001487112491}, {"id": 27, "img_name": "r_25", "width": 802, "height": 802, "position": [-3.8436508983104747, 0.34069976412278263, 0.17466656356100133], "rotation": [[-0.11969072731542607, -0.5394312430668756, 0.8334794921280481], [0.6188850758729955, 0.6159025617654098, 0.4874887663038834], [-0.7763088255690391, 0.5741759037212646, 0.2601281202205717]], "fy": 1114.4001487112491, "fx": 1114.4001487112491}, {"id": 28, "img_name": "r_26", "width": 802, "height": 802, "position": [-2.3233565430770895, 4.02273960478264, -2.300258541460985], "rotation": [[0.8566861339596314, -0.13353800929742993, 0.49825341740341317], [0.3264040097732009, 0.8882789143087705, -0.32314237233518023], [-0.3994362155404496, 0.43946350299804376, 0.8045635706688515]], "fy": 1114.4001487112491, "fx": 1114.4001487112491}, {"id": 29, "img_name": "r_27", "width": 802, "height": 802, "position": [2.2701324779036964, -1.3439099025095453, 1.131668729452611], "rotation": [[-0.7009878183314728, 0.49611177518220534, -0.5123369839045807], [-0.45057430450066777, 0.2487721852564439, 0.857376927591636], [0.5528099806213896, 0.8318566621529784, 0.0491489466528464]], "fy": 1114.4001487112491, "fx": 1114.4001487112491}, {"id": 30, "img_name": "r_28", "width": 802, "height": 802, "position": [-4.191942010121055, 0.6822955434087214, 1.4320344095654576], "rotation": [[-0.2838568589755603, -0.2995929994404554, 0.9108618546732539], [0.5968347381155743, 0.6882819534845889, 0.41237876750137387], [-0.7504755685503977, 0.6606905381445307, -0.016566044043394436]], "fy": 1114.4001487112491, "fx": 1114.4001487112491}, {"id": 31, "img_name": "r_29", "width": 802, "height": 802, "position": [0.342540374279956, -1.7529864797465493, 2.721714900351459], "rotation": [[-0.994894856761617, 0.04897303258203322, -0.08823755475420242], [-0.069173018384025, 0.30570631239003043, 0.9496097851710102], [0.07348004842761809, 0.950865549194316, -0.3007580253932831]], "fy": 1114.4001487112491, "fx": 1114.4001487112491}, {"id": 32, "img_name": "r_3", "width": 802, "height": 802, "position": [2.9600515498028885, -0.5912695383866977, 2.629204613698915], "rotation": [[-0.7011270349661382, 0.257991123560383, -0.6647266062101346], [-0.44882905684164204, 0.5647028234807787, 0.6925772151085238], [0.554051765247828, 0.7839332250369846, -0.280134503602963]], "fy": 1114.4001487112491, "fx": 1114.4001487112491}, {"id": 33, "img_name": "r_31", "width": 802, "height": 802, "position": [-1.9095112112281938, 3.9257440411601827, -2.5589454050201272], "rotation": [[0.9032267296151414, -0.1351010907072226, 0.4073440440198621], [0.2728064975896164, 0.9134568705039154, -0.3019489370772476], [-0.33129758493176975, 0.38385445291009956, 0.8619151171661076]], "fy": 1114.4001487112491, "fx": 1114.4001487112491}, {"id": 34, "img_name": "r_32", "width": 802, "height": 802, "position": [-1.1002469523886538, 4.768890343308564, -2.4759723393507156], "rotation": [[0.9725684763152274, -0.0411737336304722, 0.22894384144764376], [0.15107267978826572, 0.8601994885363653, -0.4870666128399357], [-0.176883024339446, 0.5082927931622704, 0.8428231321693943]], "fy": 1114.4001487112491, "fx": 1114.4001487112491}, {"id": 35, "img_name": "r_33", "width": 802, "height": 802, "position": [1.8070215520443333, -1.5779375874668304, 1.6344517077873695], "rotation": [[-0.8357517296424998, 0.36449182541099645, -0.4106881488527864], [-0.34863487672196225, 0.2256051816930587, 0.9097010633863761], [0.42423197561314374, 0.9034644493292479, -0.06147535819795796]], "fy": 1114.4001487112491, "fx": 1114.4001487112491}, {"id": 36, "img_name": "r_34", "width": 802, "height": 802, "position": [-0.9401303732014652, -0.894950925842239, 4.176841731519177], "rotation": [[-0.9797404662203728, -0.04822675299053676, 0.19437798009619245], [0.11924459207746066, 0.6393007334399909, 0.7596547238603665], [-0.16090166596578812, 0.7674429962668753, -0.620598019147946]], "fy": 1114.4001487112491, "fx": 1114.4001487112491}, {"id": 37, "img_name": "r_35", "width": 802, "height": 802, "position": [0.5251409181200366, -1.7083981262159211, -0.09139455307848832], "rotation": [[-0.9432722955864632, 0.3062129613905707, -0.12833938855808164], [-0.21476535810973638, -0.26794007991192986, 0.9391932466392559], [0.2532058793453305, 0.9134778244999745, 0.31850439056903446]], "fy": 1114.4001487112491, "fx": 1114.4001487112491}, {"id": 38, "img_name": "r_36", "width": 802, "height": 802, "position": [0.13725411068838025, -1.2059248758393695, -1.1839500043800515], "rotation": [[-0.8817023654951072, 0.4698821495232167, -0.042564119158907544], [-0.2942698956669099, -0.4771663297171013, 0.8280806254758627], [0.36879013976043085, 0.742645985206782, 0.5589908527621271]], "fy": 1114.4001487112491, "fx": 1114.4001487112491}, {"id": 39, "img_name": "r_37", "width": 802, "height": 802, "position": [3.260746153015353, -0.5282246182751876, 0.9702992580441359], "rotation": [[-0.44114375527982597, 0.5216157425966059, -0.7302802231013821], [-0.5628657508134344, 0.4729773963536324, 0.6778455053327179], [0.6989809251609387, 0.7100770378021882, 0.08494861180282959]], "fy": 1114.4001487112491, "fx": 1114.4001487112491}, {"id": 40, "img_name": "r_39", "width": 802, "height": 802, "position": [0.06685366939378445, 0.18061410674301956, -2.514982404538823], "rotation": [[0.9979775684630977, 0.0572161019046971, -0.027696399175968375], [-0.03434103641297856, 0.8519263517012308, 0.5225343859451865], [0.05349267298019184, -0.5205264728713246, 0.8521682492193502]], "fy": 1114.4001487112491, "fx": 1114.4001487112491}, {"id": 41, "img_name": "r_4", "width": 802, "height": 802, "position": [0.35527776481417794, 0.704636870354244, -2.7712293563987167], "rotation": [[0.9834596543607634, 0.15645569328523543, -0.09126184461889947], [-0.10651587709936884, 0.9070896851868119, 0.4072378555014781], [0.14649735891940155, -0.3907811651888138, 0.9087511236655023]], "fy": 1114.4001487112491, "fx": 1114.4001487112491}, {"id": 42, "img_name": "r_40", "width": 802, "height": 802, "position": [-1.1816962813699128, -1.8342645783598963, 1.129341620790223], "rotation": [[-0.912006354995383, -0.3271063216920081, 0.24747901478137246], [0.2501137962930045, 0.03470999302630329, 0.9675940808458962], [-0.3250961355536785, 0.9443498666771961, 0.05015806968799549]], "fy": 1114.4001487112491, "fx": 1114.4001487112491}, {"id": 43, "img_name": "r_41", "width": 802, "height": 802, "position": [-0.5343987470768857, 1.2777985440576078, -2.9770209164001384], "rotation": [[0.9812849357056845, -0.1616818397701512, 0.1045889939029442], [0.12678610957127437, 0.951287385061043, 0.28102952414916055], [-0.14493156101026355, -0.26250960689518005, 0.9539829919400379]], "fy": 1114.4001487112491, "fx": 1114.4001487112491}, {"id": 44, "img_name": "r_42", "width": 802, "height": 802, "position": [-1.2771221672879065, -1.5944389232441072, 2.7504384732888094], "rotation": [[-0.9477585345865518, -0.17249328999536082, 0.26832783125298126], [0.19319918940153724, 0.3589459066493322, 0.9131439696533499], [-0.2538263842332807, 0.917280710037154, -0.3068684826775042]], "fy": 1114.4001487112491, "fx": 1114.4001487112491}, {"id": 45, "img_name": "r_43", "width": 802, "height": 802, "position": [2.554178616582677, 1.5231675365779107, -2.2168466397789284], "rotation": [[0.6379227984185185, 0.512295540412713, -0.5749850280930213], [-0.4772542514871423, 0.8489644515972815, 0.22690909933622008], [0.6043863687206503, 0.12966356156366127, 0.7860690034006509]], "fy": 1114.4001487112491, "fx": 1114.4001487112491}, {"id": 46, "img_name": "r_44", "width": 802, "height": 802, "position": [2.623223519623392, -0.41141837488022764, 3.5076213571650814], "rotation": [[-0.7970821193767946, 0.12498473705996643, -0.5907951510226265], [-0.381646762271662, 0.6539235866030018, 0.653245506476565], [0.46798060196695607, 0.7461653693292913, -0.4735307780876844]], "fy": 1114.4001487112491, "fx": 1114.4001487112491}, {"id": 47, "img_name": "r_46", "width": 802, "height": 802, "position": [3.342503292005513, -0.44079471762867956, 1.6553578319981053], "rotation": [[-0.527628294495142, 0.401055510680431, -0.748841011297462], [-0.5331288107385188, 0.5299696677121095, 0.6594738982443874], [0.6613486629673333, 0.7471858059799948, -0.06581274445990967]], "fy": 1114.4001487112491, "fx": 1114.4001487112491}, {"id": 48, "img_name": "r_47", "width": 802, "height": 802, "position": [-2.3202149169461834, -0.08188938167321708, -1.568113157327763], "rotation": [[0.26978321698508045, -0.8241340909324719, 0.49801608005775166], [0.6020910869922901, 0.5479950469242322, 0.5806786990332529], [-0.7514674569118903, 0.14319367552170886, 0.6440436572880445]], "fy": 1114.4001487112491, "fx": 1114.4001487112491}, {"id": 49, "img_name": "r_48", "width": 802, "height": 802, "position": [-0.40801675982184366, -1.682891091058032, -0.22799918836393912], "rotation": [[-0.9633514942446612, -0.25697038982790105, 0.07694229843378964], [0.15989711319693753, -0.31980833908357315, 0.9338926809028386], [-0.21537597760164326, 0.9119697610142028, 0.3491766648386371]], "fy": 1114.4001487112491, "fx": 1114.4001487112491}, {"id": 50, "img_name": "r_49", "width": 802, "height": 802, "position": [2.943997714736635, -0.7395369571530288, 0.46548720404040517], "rotation": [[-0.4160342970049288, 0.6248002668761025, -0.6607118057271008], [-0.5707805465047446, 0.38619590150324623, 0.7246118225600796], [0.707901851563732, 0.6785848157552941, 0.19595309739576403]], "fy": 1114.4001487112491, "fx": 1114.4001487112491}, {"id": 51, "img_name": "r_5", "width": 802, "height": 802, "position": [2.514062596609964, 2.4121196170973858, -2.3849841248420174], "rotation": [[0.7427134316331573, 0.3569346285401495, -0.5665460523387351], [-0.41341941865466847, 0.9100010102097275, 0.03134558496042339], [0.5267458046828045, 0.21094035262647248, 0.8234336797112954]], "fy": 1114.4001487112491, "fx": 1114.4001487112491}, {"id": 52, "img_name": "r_50", "width": 802, "height": 802, "position": [3.447494645638897, 3.7922855173480294, -1.2590970882021806], "rotation": [[0.6265588836464637, 0.11107363593106914, -0.7714185716747745], [-0.482701919534171, 0.8324087590137845, -0.2722030763881228], [0.611900990521934, 0.5429164809785973, 0.5751685600587818]], "fy": 1114.4001487112491, "fx": 1114.4001487112491}, {"id": 53, "img_name": "r_51", "width": 802, "height": 802, "position": [2.4449109736898547, -1.1289328563661478, 2.2485666231708654], "rotation": [[-0.7692733802191531, 0.3230006374859543, -0.5512613306498698], [-0.40287069306540085, 0.4244421770211873, 0.8108908946550816], [0.4958968351937745, 0.845883813859316, -0.19638457754013217]], "fy": 1114.4001487112491, "fx": 1114.4001487112491}, {"id": 54, "img_name": "r_53", "width": 802, "height": 802, "position": [-0.38486156481620426, -1.8965517205336786, 0.5448170081889672], "rotation": [[-0.9862049887631007, -0.14910745112677548, 0.07187967833294936], [0.09673399901726203, -0.1667827633692761, 0.9812369964881249], [-0.13432145611517307, 0.9746540298287306, 0.17890575330523992]], "fy": 1114.4001487112491, "fx": 1114.4001487112491}, {"id": 55, "img_name": "r_55", "width": 802, "height": 802, "position": [-3.61786128515098, 0.32947464136501264, -0.37489391727797705], "rotation": [[-0.010367344453596541, -0.6208120063225073, 0.78389091777798], [0.6242894927891687, 0.6083635855723365, 0.49005752411590714], [-0.7811242841968384, 0.4944554586162373, 0.3812592976998507]], "fy": 1114.4001487112491, "fx": 1114.4001487112491}, {"id": 56, "img_name": "r_56", "width": 802, "height": 802, "position": [-3.6937609643877747, 3.188826684299261, -1.2964688445281976], "rotation": [[0.5611058975185845, -0.21297918987916128, 0.7998750130165835], [0.5191524048377271, 0.843192507019801, -0.1396680946274688], [-0.6447022198822246, 0.4936256281678242, 0.5836889470384483]], "fy": 1114.4001487112491, "fx": 1114.4001487112491}, {"id": 57, "img_name": "r_58", "width": 802, "height": 802, "position": [-1.391986650500787, -0.5845963165494025, -1.647001385982189], "rotation": [[0.27143113437119604, -0.9166719420794801, 0.2933218196762727], [0.6026528855264105, 0.399496324373631, 0.6908054620359116], [-0.7504229733028278, -0.010734869174462383, 0.6608707314771555]], "fy": 1114.4001487112491, "fx": 1114.4001487112491}, {"id": 58, "img_name": "r_59", "width": 802, "height": 802, "position": [-3.150185227776205, -0.28707924856049527, 3.0871842074895115], "rotation": [[-0.7097872160671875, -0.18024320298887966, 0.6809658550058884], [0.4357899326680577, 0.64715000899272, 0.6255269781919014], [-0.5534340452960594, 0.7407491165280128, -0.38079062996639895]], "fy": 1114.4001487112491, "fx": 1114.4001487112491}, {"id": 59, "img_name": "r_6", "width": 802, "height": 802, "position": [4.146098277806664, 2.436975617758157, -0.364343754917106], "rotation": [[0.2899797672152825, 0.24507741226247926, -0.9251209632283215], [-0.5962173417545684, 0.8024120769316869, 0.025685408022702458], [0.7486231468481903, 0.5441249128581628, 0.37880267054260575]], "fy": 1114.4001487112491, "fx": 1114.4001487112491}, {"id": 60, "img_name": "r_60", "width": 802, "height": 802, "position": [3.512052081851813, -0.11084903592285344, 2.2620852023933438], "rotation": [[-0.5542373205839844, 0.2754251189880179, -0.7854692841240337], [-0.5227109638930088, 0.6192133914780895, 0.5859590634508901], [0.6477609440973788, 0.7353337879117476, -0.19922344153596463]], "fy": 1114.4001487112491, "fx": 1114.4001487112491}, {"id": 61, "img_name": "r_62", "width": 802, "height": 802, "position": [-2.2609837399219224, 2.377293215637969, -2.611767236000047], "rotation": [[0.8025515481919312, -0.3476402129594383, 0.48482707724326923], [0.3772692320646115, 0.9252838508932423, 0.038957949298577814], [-0.46214601483958806, 0.15164457659174185, 0.8737419432293488]], "fy": 1114.4001487112491, "fx": 1114.4001487112491}, {"id": 62, "img_name": "r_63", "width": 802, "height": 802, "position": [-2.470180477739681, 0.8489675334903491, -2.0923768824109947], "rotation": [[0.5566106900440861, -0.6388726760652002, 0.5310614310095734], [0.5211980986528039, 0.7663269666725987, 0.37562683891207205], [-0.6469444193200432, 0.0677102941040998, 0.7595250057654377]], "fy": 1114.4001487112491, "fx": 1114.4001487112491}, {"id": 63, "img_name": "r_64", "width": 802, "height": 802, "position": [1.1136921758550114e-05, -0.9740300848046264, -1.500804738494428], "rotation": [[0.8489575111882253, 0.5283009113850475, -0.013011196210288857], [-0.3238788402070263, 0.539599294409198, 0.7771326130971774], [0.41758070006077386, -0.6555385179398872, 0.6292023604802592]], "fy": 1114.4001487112491, "fx": 1114.4001487112491}, {"id": 64, "img_name": "r_65", "width": 802, "height": 802, "position": [-0.7881402486701311, -0.7384331896965324, -1.6860853224075454], "rotation": [[0.3927893329322798, -0.9055174918904457, 0.16048243459971384], [0.5756198437978988, 0.3781803446032481, 0.7250113256921241], [-0.7172017396525873, -0.1923998410503635, 0.6697790425230529]], "fy": 1114.4001487112491, "fx": 1114.4001487112491}, {"id": 65, "img_name": "r_66", "width": 802, "height": 802, "position": [0.4900424478402187, 2.7249671441008823, -3.1478274299725304], "rotation": [[0.9895046393673674, 0.07902235930668605, -0.12097948338483296], [-0.08411763356247073, 0.9957462652458735, -0.03759785861913431], [0.11749379725885942, 0.047379763385854166, 0.9919427229569228]], "fy": 1114.4001487112491, "fx": 1114.4001487112491}, {"id": 66, "img_name": "r_67", "width": 802, "height": 802, "position": [-3.7133436135031124, 1.8022613764129727, -1.231549910727391], "rotation": [[0.3897764037323957, -0.44744017883926596, 0.8049047406083071], [0.5765594746848477, 0.8001033236681646, 0.16557126443404643], [-0.7180901943659813, 0.39953968240394094, 0.5698372705781756]], "fy": 1114.4001487112491, "fx": 1114.4001487112491}, {"id": 67, "img_name": "r_68", "width": 802, "height": 802, "position": [0.7107859234918878, -1.9204556062344684, 1.2133499837658648], "rotation": [[-0.9643982367053082, 0.20327427311078086, -0.16916149364135738], [-0.17199341634552562, 0.0037844860210476693, 0.9850908295174364], [0.20088381162623833, 0.9791145221866745, 0.03131208504194274]], "fy": 1114.4001487112491, "fx": 1114.4001487112491}, {"id": 68, "img_name": "r_7", "width": 802, "height": 802, "position": [1.449893587202859, -1.6952717052778135, 1.9088981322556329], "rotation": [[-0.9013515596317376, 0.277969251299134, -0.3321121215517926], [-0.2766492668536099, 0.2204563409451138, 0.9353417476443846], [0.33321246840236024, 0.9349503179684419, -0.12180867716183212]], "fy": 1114.4001487112491, "fx": 1114.4001487112491}, {"id": 69, "img_name": "r_70", "width": 802, "height": 802, "position": [2.742451663436178, 4.208268406697494, -1.8153171620157018], "rotation": [[0.782118213189071, 0.08925143216436876, -0.6167051827693227], [-0.38380066361410387, 0.848680795221985, -0.36392026383639653], [0.4909054401891551, 0.5213205248961411, 0.6980234660200929]], "fy": 1114.4001487112491, "fx": 1114.4001487112491}, {"id": 70, "img_name": "r_71", "width": 802, "height": 802, "position": [0.6858431463364059, -1.8343946061379226, 0.4405694242455848], "rotation": [[-0.9459247355534527, 0.28012401180304397, -0.1635754647846033], [-0.2114491941813623, -0.15005330587847093, 0.9658018656406677], [0.2459992539585912, 0.9481637745697261, 0.2011711302486177]], "fy": 1114.4001487112491, "fx": 1114.4001487112491}, {"id": 71, "img_name": "r_72", "width": 802, "height": 802, "position": [-4.407390869509815, 1.2494396267566639, 1.3157502548391686], "rotation": [[-0.1767620030352508, -0.2267698176198942, 0.957773795893167], [0.6133073200073039, 0.7357080907976029, 0.28738082114226826], [-0.7698112271904225, 0.6382076895114833, 0.009034353324377933]], "fy": 1114.4001487112491, "fx": 1114.4001487112491}, {"id": 72, "img_name": "r_73", "width": 802, "height": 802, "position": [2.6445014852059057, -1.0723035424950738, 1.780307657786578], "rotation": [[-0.6956265382757537, 0.4024284354198435, -0.5951092955180821], [-0.4534030180640331, 0.39662580441248324, 0.7981940080485301], [0.5572516688686694, 0.825069285357107, -0.09344116814014776]], "fy": 1114.4001487112491, "fx": 1114.4001487112491}, {"id": 73, "img_name": "r_74", "width": 802, "height": 802, "position": [-0.692985918062346, -0.9939115591993319, 4.1164368415004855], "rotation": [[-0.9892958202521295, -0.041304005409743744, 0.13995627591779594], [0.08481671706841452, 0.6176949414116062, 0.781830597930427], [-0.11874301889965112, 0.7853323745342632, -0.6075797535887553]], "fy": 1114.4001487112491, "fx": 1114.4001487112491}, {"id": 74, "img_name": "r_75", "width": 802, "height": 802, "position": [0.370249744658923, 0.09844922931742821, -2.4403144649655135], "rotation": [[0.9633873199011211, 0.25088105565640817, -0.09457043812133502], [-0.16188287841059062, 0.8254663937228356, 0.5407394626913395], [0.2137260057438892, -0.5056322069913495, 0.8358572041454331]], "fy": 1114.4001487112491, "fx": 1114.4001487112491}, {"id": 75, "img_name": "r_77", "width": 802, "height": 802, "position": [-3.0373625719619475, 0.8305555793557117, -1.6062181915777078], "rotation": [[0.381098969976911, -0.6515354131401291, 0.6559460195068331], [0.5795395311785956, 0.7211433457038329, 0.3795868895896903], [-0.7203454080396645, 0.2354864759840857, 0.6524175141309172]], "fy": 1114.4001487112491, "fx": 1114.4001487112491}, {"id": 76, "img_name": "r_78", "width": 802, "height": 802, "position": [-0.8667500762077582, 0.16137047815140673, -2.4165644404576394], "rotation": [[0.868045917939641, -0.4634778194805262, 0.17800167189636915], [0.3136235363092421, 0.789818098496373, 0.5270935863397119], [-0.38488512808526565, -0.4017159221852559, 0.8309559290610049]], "fy": 1114.4001487112491, "fx": 1114.4001487112491}, {"id": 77, "img_name": "r_8", "width": 802, "height": 802, "position": [-3.024909255513658, 2.840602790935199, -2.073792541559916], "rotation": [[0.6925389912006963, -0.3070342719734306, 0.6527784474846481], [0.45352842628866863, 0.8890119260331598, -0.06300604668549906], [-0.5609828091972567, 0.3396877260139923, 0.7549241926051895]], "fy": 1114.4001487112491, "fx": 1114.4001487112491}, {"id": 78, "img_name": "r_80", "width": 802, "height": 802, "position": [1.924727887459157, 3.1552234560797183, -2.6846263330109696], "rotation": [[0.8733174597276822, 0.21546113960634847, -0.4369131628302379], [-0.2993296136000842, 0.9449296846387291, -0.13232412293522444], [0.3843415108426523, 0.24634201510924952, 0.8897174914741766]], "fy": 1114.4001487112491, "fx": 1114.4001487112491}, {"id": 79, "img_name": "r_81", "width": 802, "height": 802, "position": [-0.6620992782773312, -1.5483091880719635, 3.2085436438785395], "rotation": [[-0.9881488124479466, -0.07649984065722334, 0.13307779242658005], [0.08917429014907895, 0.41956233892432415, 0.9033357015709931], [-0.12493946707954369, 0.9044972184234565, -0.407768207968828]], "fy": 1114.4001487112491, "fx": 1114.4001487112491}, {"id": 80, "img_name": "r_82", "width": 802, "height": 802, "position": [-1.7160053535086373, 0.6822015929653634, -2.436107200260656], "rotation": [[0.7291226795071191, -0.5790616243048459, 0.3647845302172124], [0.43119152677423056, 0.8026000607658558, 0.41219777982996514], [-0.5314640020419698, -0.14325075118852934, 0.83488037275855]], "fy": 1114.4001487112491, "fx": 1114.4001487112491}, {"id": 81, "img_name": "r_83", "width": 802, "height": 802, "position": [1.55552035326404, 0.39893919399634453, -2.305274934716135], "rotation": [[0.6891037122069239, 0.6316102327561764, -0.35525285037607457], [-0.44940616965687263, 0.7570535226826629, 0.47424050698786696], [0.568480578821278, -0.16714807109703494, 0.8055379282389906]], "fy": 1114.4001487112491, "fx": 1114.4001487112491}, {"id": 82, "img_name": "r_85", "width": 802, "height": 802, "position": [-1.1678640717636222, 1.997335806880354, -3.011712949757091], "rotation": [[0.9380270312307387, -0.2458990312518956, 0.2442108824557702], [0.22166460463759818, 0.9673798973867375, 0.12264149861642493], [-0.2664021241118472, -0.06090813214509653, 0.9619356047611978]], "fy": 1114.4001487112491, "fx": 1114.4001487112491}, {"id": 83, "img_name": "r_86", "width": 802, "height": 802, "position": [1.2922390109834825, -1.5285002282097966, 2.8111221174422334], "rotation": [[-0.9404747121352327, 0.1644821601307124, -0.29741038117874413], [-0.2181113547972196, 0.379006214216201, 0.8993229267032085], [0.26064296027837125, 0.9106590517774684, -0.320570333426363]], "fy": 1114.4001487112491, "fx": 1114.4001487112491}, {"id": 84, "img_name": "r_87", "width": 802, "height": 802, "position": [1.4127058074623868, -1.6455443988194869, 2.2438282763106088], "rotation": [[-0.9163844462279236, 0.23474291637682745, -0.3242457554424475], [-0.2559821283309965, 0.27909767840906574, 0.9255147950637002], [0.30775427972113556, 0.9311284815306489, -0.19567078012762537]], "fy": 1114.4001487112491, "fx": 1114.4001487112491}, {"id": 85, "img_name": "r_88", "width": 802, "height": 802, "position": [2.96149139804756, 0.5708519950959926, -1.3955578754611437], "rotation": [[0.2924907851746285, 0.6872228834914018, -0.6649615394845723], [-0.5941053578259796, 0.6754790812798177, 0.43676862817267204], [0.7493250058488597, 0.267306414362126, 0.6058542039554314]], "fy": 1114.4001487112491, "fx": 1114.4001487112491}, {"id": 86, "img_name": "r_89", "width": 802, "height": 802, "position": [2.6839410543880313, -0.8574662188322599, 2.5597957982435937], "rotation": [[-0.7475216060692739, 0.27586110522140345, -0.6042450654210082], [-0.41946204541458265, 0.5093031032645954, 0.751439912076586], [0.5150369316041592, 0.8151754410132083, -0.26500181028191816]], "fy": 1114.4001487112491, "fx": 1114.4001487112491}, {"id": 87, "img_name": "r_9", "width": 802, "height": 802, "position": [-0.8627472220337535, -1.4002392440568323, 3.4385220757998374], "rotation": [[-0.9805424364428054, -0.08434563737405186, 0.17726348690797034], [0.1163871224807782, 0.47738585615946655, 0.8709516531125809], [-0.15808405376713858, 0.8746362431290268, -0.45828034449416505]], "fy": 1114.4001487112491, "fx": 1114.4001487112491}, {"id": 88, "img_name": "r_90", "width": 802, "height": 802, "position": [3.2541786091441676, -0.08095223263477372, 3.0075009560094905], "rotation": [[-0.663813425468629, 0.16634452544850342, -0.7291647516308759], [-0.47035870034153743, 0.6651522017603441, 0.5799441710254413], [0.5814760779091642, 0.7279437116609214, -0.3632953667096467]], "fy": 1114.4001487112491, "fx": 1114.4001487112491}, {"id": 89, "img_name": "r_92", "width": 802, "height": 802, "position": [-3.999285746291497, 2.8567362925705075, -0.8843598589939431], "rotation": [[0.44081295788529407, -0.23093871942047373, 0.8673818328930171], [0.5626792350014929, 0.8239902835186032, -0.06657395260210111], [-0.6993396990437141, 0.517404407151083, 0.4931700161223142]], "fy": 1114.4001487112491, "fx": 1114.4001487112491}, {"id": 90, "img_name": "r_93", "width": 802, "height": 802, "position": [-3.2037717669441035, -0.7204517416411987, 1.292148493787807], "rotation": [[-0.5324562263880293, -0.4865884934364314, 0.6926196683865419], [0.5243905669654041, 0.4526984877725653, 0.7211647609569775], [-0.6644583510336228, 0.7471918878197865, 0.014120287461024703]], "fy": 1114.4001487112491, "fx": 1114.4001487112491}, {"id": 91, "img_name": "r_94", "width": 802, "height": 802, "position": [0.07314232371411615, -0.4617697742084471, -2.0362705304161755], "rotation": [[0.9914693353929654, 0.1270455144741198, -0.02912034044165055], [-0.07579024326943466, 0.7437111616342368, 0.6641908965695134], [0.10603959638074507, -0.6563178691096718, 0.7469956215981111]], "fy": 1114.4001487112491, "fx": 1114.4001487112491}, {"id": 92, "img_name": "r_95", "width": 802, "height": 802, "position": [-4.33659937951819, 1.0401494275488647, 1.336072450944381], "rotation": [[-0.2116810141675405, -0.25760632905304026, 0.9427778781201954], [0.6090382985223471, 0.7196688114454017, 0.3333903909319628], [-0.7643713097533197, 0.6447602508410235, 0.004551896463540446]], "fy": 1114.4001487112491, "fx": 1114.4001487112491}, {"id": 93, "img_name": "r_96", "width": 802, "height": 802, "position": [3.2515830812008732, -0.1707456827436453, 2.860097876304083], "rotation": [[-0.6565547082110269, 0.19494488370841767, -0.7286510875870872], [-0.4741069214040251, 0.6446797699623086, 0.5996754299436843], [0.5866502724815963, 0.7391782508416064, -0.3308428195986919]], "fy": 1114.4001487112491, "fx": 1114.4001487112491}, {"id": 94, "img_name": "r_98", "width": 802, "height": 802, "position": [-4.135789032001421, 0.7358964384663013, 2.1756879185445595], "rotation": [[-0.3984092003082325, -0.1850290221073933, 0.8983509170072327], [0.5700290508515472, 0.7173717094546835, 0.4005555038435364], [-0.7185659261995647, 0.6716711185186145, -0.18033557123572283]], "fy": 1114.4001487112491, "fx": 1114.4001487112491}, {"id": 95, "img_name": "r_99", "width": 802, "height": 802, "position": [-0.0089519865644624, 1.9477133200284955, -3.144307244369665], "rotation": [[0.9999377333895669, 0.0015606722182864357, -0.011049599357566806], [-7.107956196569005e-05, 0.9910427597294931, 0.1335449113049457], [0.011159045274195397, -0.13353581051529587, 0.9909811617879482]], "fy": 1114.4001487112491, "fx": 1114.4001487112491}]